-0.24999999999999992
-0.24999999999999992
-0.24999999999999992
0.24999999999999992
-0.24999999999999992
-0.24999999999999992
-0.24999999999999992
0.24999999999999992
-0.24999999999999997
0.24999999999999992
0.24999999999999992
-0.24999999999999992
-0.24999999999999997
-0.24999999999999992
0.24999999999999992
0.24999999999999997
-0.24999999999999992
0.24999999999999992
-0.24999999999999992
0.24999999999999992
0.24999999999999997
0.24999999999999992
0.24999999999999992
0.24999999999999992