0.11111111111111108
0.08333333333333331
0.08333333333333331
-0.11111111111111108
-0.08333333333333331
-0.08333333333333331
0.05555555555555556
0.08333333333333331
0.041666666666666664
-0.05555555555555556
-0.08333333333333331
-0.041666666666666664
0.055555555555555546
0.041666666666666664
0.08333333333333331
-0.055555555555555546
-0.041666666666666664
-0.08333333333333331
0.027777777777777783
0.041666666666666664
0.041666666666666664
-0.027777777777777783
-0.041666666666666664
-0.041666666666666664
0.08333333333333331
0.11111111111111108
0.08333333333333331
0.08333333333333331
0.05555555555555556
0.041666666666666664
-0.08333333333333331
-0.11111111111111108
-0.08333333333333331
-0.08333333333333331
-0.05555555555555556
-0.041666666666666664
0.041666666666666664
0.055555555555555546
0.08333333333333331
0.041666666666666664
0.027777777777777783
0.041666666666666664
-0.041666666666666664
-0.055555555555555546
-0.08333333333333331
-0.041666666666666664
-0.027777777777777783
-0.041666666666666664
0.08333333333333331
0.08333333333333331
0.11111111111111108
0.08333333333333331
0.041666666666666664
0.05555555555555556
0.041666666666666664
0.08333333333333331
0.055555555555555546
0.041666666666666664
0.041666666666666664
0.027777777777777783
-0.08333333333333331
-0.08333333333333331
-0.11111111111111108
-0.08333333333333331
-0.041666666666666664
-0.05555555555555556
-0.041666666666666664
-0.08333333333333331
-0.055555555555555546
-0.041666666666666664
-0.041666666666666664
-0.027777777777777783
-0.11111111111111108
0.08333333333333331
0.08333333333333331
0.11111111111111108
-0.08333333333333331
-0.08333333333333331
-0.05555555555555556
0.08333333333333331
0.041666666666666664
0.05555555555555556
-0.08333333333333331
-0.041666666666666664
-0.055555555555555546
0.041666666666666664
0.08333333333333331
0.055555555555555546
-0.041666666666666664
-0.08333333333333331
-0.027777777777777783
0.041666666666666664
0.041666666666666664
0.027777777777777783
-0.041666666666666664
-0.041666666666666664
-0.08333333333333331
0.05555555555555556
0.041666666666666664
-0.08333333333333331
0.11111111111111105
0.08333333333333331
0.08333333333333331
-0.05555555555555556
-0.041666666666666664
0.08333333333333331
-0.11111111111111105
-0.08333333333333331
-0.041666666666666664
0.027777777777777783
0.041666666666666664
-0.041666666666666664
0.055555555555555546
0.08333333333333331
0.041666666666666664
-0.027777777777777783
-0.041666666666666664
0.041666666666666664
-0.055555555555555546
-0.08333333333333331
-0.08333333333333331
0.041666666666666664
0.05555555555555556
-0.08333333333333331
0.08333333333333331
0.11111111111111105
-0.041666666666666664
0.041666666666666664
0.027777777777777783
-0.041666666666666664
0.08333333333333331
0.05555555555555553
0.08333333333333331
-0.041666666666666664
-0.05555555555555556
0.08333333333333331
-0.08333333333333331
-0.11111111111111105
0.041666666666666664
-0.041666666666666664
-0.027777777777777783
0.041666666666666664
-0.08333333333333331
-0.05555555555555553
0.05555555555555556
-0.08333333333333331
0.041666666666666664
-0.05555555555555556
0.08333333333333331
-0.041666666666666664
0.11111111111111108
-0.08333333333333331
0.08333333333333331
-0.11111111111111108
0.08333333333333331
-0.08333333333333331
0.027777777777777783
-0.041666666666666664
0.041666666666666664
-0.027777777777777783
0.041666666666666664
-0.041666666666666664
0.055555555555555546
-0.041666666666666664
0.08333333333333331
-0.055555555555555546
0.041666666666666664
-0.08333333333333331
0.08333333333333331
-0.11111111111111108
0.08333333333333331
0.08333333333333331
-0.05555555555555556
0.041666666666666664
-0.08333333333333331
0.11111111111111108
-0.08333333333333331
-0.08333333333333331
0.05555555555555556
-0.041666666666666664
0.041666666666666664
-0.055555555555555546
0.08333333333333331
0.041666666666666664
-0.027777777777777783
0.041666666666666664
-0.041666666666666664
0.055555555555555546
-0.08333333333333331
-0.041666666666666664
0.027777777777777783
-0.041666666666666664
0.041666666666666664
-0.08333333333333331
0.055555555555555546
0.041666666666666664
-0.041666666666666664
0.027777777777777783
0.08333333333333331
-0.08333333333333331
0.11111111111111108
0.08333333333333331
-0.041666666666666664
0.055555555555555546
-0.041666666666666664
0.08333333333333331
-0.055555555555555546
-0.041666666666666664
0.041666666666666664
-0.027777777777777783
-0.08333333333333331
0.08333333333333331
-0.11111111111111108
-0.08333333333333331
0.041666666666666664
-0.055555555555555546
-0.05555555555555556
-0.08333333333333331
0.041666666666666664
0.05555555555555556
0.08333333333333331
-0.041666666666666664
-0.11111111111111108
-0.08333333333333331
0.08333333333333331
0.11111111111111108
0.08333333333333331
-0.08333333333333331
-0.027777777777777783
-0.041666666666666664
0.041666666666666664
0.027777777777777783
0.041666666666666664
-0.041666666666666664
-0.055555555555555546
-0.041666666666666664
0.08333333333333331
0.055555555555555546
0.041666666666666664
-0.08333333333333331
-0.08333333333333331
-0.05555555555555556
0.041666666666666664
-0.08333333333333331
-0.11111111111111105
0.08333333333333331
0.08333333333333331
0.05555555555555556
-0.041666666666666664
0.08333333333333331
0.11111111111111105
-0.08333333333333331
-0.041666666666666664
-0.027777777777777783
0.041666666666666664
-0.041666666666666664
-0.055555555555555546
0.08333333333333331
0.041666666666666664
0.027777777777777783
-0.041666666666666664
0.041666666666666664
0.055555555555555546
-0.08333333333333331
-0.041666666666666664
-0.041666666666666664
0.027777777777777783
-0.041666666666666664
-0.08333333333333331
0.05555555555555553
-0.08333333333333331
-0.041666666666666664
0.055555555555555546
-0.08333333333333331
-0.08333333333333331
0.11111111111111105
0.041666666666666664
0.041666666666666664
-0.027777777777777783
0.041666666666666664
0.08333333333333331
-0.05555555555555553
0.08333333333333331
0.041666666666666664
-0.055555555555555546
0.08333333333333331
0.08333333333333331
-0.11111111111111105
0.055555555555555546
0.041666666666666664
-0.08333333333333331
-0.055555555555555546
-0.041666666666666664
0.08333333333333331
0.027777777777777783
0.041666666666666664
-0.041666666666666664
-0.027777777777777783
-0.041666666666666664
0.041666666666666664
0.11111111111111108
0.08333333333333331
-0.08333333333333331
-0.11111111111111108
-0.08333333333333331
0.08333333333333331
0.055555555555555546
0.08333333333333331
-0.041666666666666664
-0.055555555555555546
-0.08333333333333331
0.041666666666666664
0.041666666666666664
0.055555555555555546
-0.08333333333333331
0.041666666666666664
0.027777777777777783
-0.041666666666666664
-0.041666666666666664
-0.055555555555555546
0.08333333333333331
-0.041666666666666664
-0.027777777777777783
0.041666666666666664
0.08333333333333331
0.11111111111111108
-0.08333333333333331
0.08333333333333331
0.055555555555555546
-0.041666666666666664
-0.08333333333333331
-0.11111111111111108
0.08333333333333331
-0.08333333333333331
-0.055555555555555546
0.041666666666666664
0.08333333333333331
0.08333333333333331
-0.11111111111111108
0.08333333333333331
0.041666666666666664
-0.05555555555555556
0.041666666666666664
0.08333333333333331
-0.055555555555555546
0.041666666666666664
0.041666666666666664
-0.027777777777777783
-0.08333333333333331
-0.08333333333333331
0.11111111111111108
-0.08333333333333331
-0.041666666666666664
0.05555555555555556
-0.041666666666666664
-0.08333333333333331
0.055555555555555546
-0.041666666666666664
-0.041666666666666664
0.027777777777777783
-0.055555555555555546
0.041666666666666664
-0.08333333333333331
0.055555555555555546
-0.041666666666666664
0.08333333333333331
-0.027777777777777783
0.041666666666666664
-0.041666666666666664
0.027777777777777783
-0.041666666666666664
0.041666666666666664
-0.11111111111111108
0.08333333333333331
-0.08333333333333331
0.11111111111111108
-0.08333333333333331
0.08333333333333331
-0.055555555555555546
0.08333333333333331
-0.041666666666666664
0.055555555555555546
-0.08333333333333331
0.041666666666666664
-0.041666666666666664
0.027777777777777783
-0.041666666666666664
-0.041666666666666664
0.055555555555555546
-0.08333333333333331
0.041666666666666664
-0.027777777777777783
0.041666666666666664
0.041666666666666664
-0.055555555555555546
0.08333333333333331
-0.08333333333333331
0.055555555555555546
-0.041666666666666664
-0.08333333333333331
0.11111111111111105
-0.08333333333333331
0.08333333333333331
-0.055555555555555546
0.041666666666666664
0.08333333333333331
-0.11111111111111105
0.08333333333333331
-0.08333333333333331
0.041666666666666664
-0.05555555555555556
-0.08333333333333331
0.08333333333333331
-0.11111111111111105
-0.041666666666666664
0.041666666666666664
-0.027777777777777783
-0.041666666666666664
0.08333333333333331
-0.05555555555555553
0.08333333333333331
-0.041666666666666664
0.05555555555555556
0.08333333333333331
-0.08333333333333331
0.11111111111111105
0.041666666666666664
-0.041666666666666664
0.027777777777777783
0.041666666666666664
-0.08333333333333331
0.05555555555555553
0.027777777777777783
-0.041666666666666664
-0.041666666666666664
-0.027777777777777783
0.041666666666666664
0.041666666666666664
0.055555555555555546
-0.041666666666666664
-0.08333333333333331
-0.055555555555555546
0.041666666666666664
0.08333333333333331
0.055555555555555546
-0.08333333333333331
-0.041666666666666664
-0.055555555555555546
0.08333333333333331
0.041666666666666664
0.11111111111111108
-0.08333333333333331
-0.08333333333333331
-0.11111111111111108
0.08333333333333331
0.08333333333333331
0.041666666666666664
-0.055555555555555546
-0.08333333333333331
0.041666666666666664
-0.027777777777777783
-0.041666666666666664
-0.041666666666666664
0.055555555555555546
0.08333333333333331
-0.041666666666666664
0.027777777777777783
0.041666666666666664
0.08333333333333331
-0.11111111111111108
-0.08333333333333331
0.08333333333333331
-0.055555555555555546
-0.041666666666666664
-0.08333333333333331
0.11111111111111108
0.08333333333333331
-0.08333333333333331
0.055555555555555546
0.041666666666666664
0.041666666666666664
-0.08333333333333331
-0.055555555555555546
0.041666666666666664
-0.041666666666666664
-0.027777777777777783
0.08333333333333331
-0.08333333333333331
-0.11111111111111108
0.08333333333333331
-0.041666666666666664
-0.055555555555555546
-0.041666666666666664
0.08333333333333331
0.055555555555555546
-0.041666666666666664
0.041666666666666664
0.027777777777777783
-0.08333333333333331
0.08333333333333331
0.11111111111111108
-0.08333333333333331
0.041666666666666664
0.055555555555555546
-0.027777777777777783
-0.041666666666666664
-0.041666666666666664
0.027777777777777783
0.041666666666666664
0.041666666666666664
-0.055555555555555546
-0.041666666666666664
-0.08333333333333331
0.055555555555555546
0.041666666666666664
0.08333333333333331
-0.055555555555555546
-0.08333333333333331
-0.041666666666666664
0.055555555555555546
0.08333333333333331
0.041666666666666664
-0.11111111111111108
-0.08333333333333331
-0.08333333333333331
0.11111111111111108
0.08333333333333331
0.08333333333333331
-0.041666666666666664
-0.027777777777777783
-0.041666666666666664
-0.041666666666666664
-0.055555555555555546
-0.08333333333333331
0.041666666666666664
0.027777777777777783
0.041666666666666664
0.041666666666666664
0.055555555555555546
0.08333333333333331
-0.08333333333333331
-0.055555555555555546
-0.041666666666666664
-0.08333333333333331
-0.11111111111111105
-0.08333333333333331
0.08333333333333331
0.055555555555555546
0.041666666666666664
0.08333333333333331
0.11111111111111105
0.08333333333333331
-0.041666666666666664
-0.041666666666666664
-0.027777777777777783
-0.041666666666666664
-0.08333333333333331
-0.05555555555555553
-0.08333333333333331
-0.041666666666666664
-0.055555555555555546
-0.08333333333333331
-0.08333333333333331
-0.11111111111111105
0.041666666666666664
0.041666666666666664
0.027777777777777783
0.041666666666666664
0.08333333333333331
0.05555555555555553
0.08333333333333331
0.041666666666666664
0.055555555555555546
0.08333333333333331
0.08333333333333331
0.11111111111111105